# Blender v2.90.0 OBJ File: ''
# www.blender.org
mtllib funcubes.mtl
o Cube
v 1.573626 -0.638001 0.170550
v 0.403812 -1.019787 0.042064
v 1.195895 0.264526 0.927847
v 0.026081 -0.117260 0.799361
v 1.433665 0.117260 -0.799361
v 0.263851 -0.264526 -0.927847
v 1.055935 1.019787 -0.042064
v -0.113880 0.638001 -0.170550
vt 0.625000 0.500000
vt 0.875000 0.500000
vt 0.875000 0.750000
vt 0.625000 0.750000
vt 0.375000 0.750000
vt 0.625000 1.000000
vt 0.375000 1.000000
vt 0.375000 0.000000
vt 0.625000 0.000000
vt 0.625000 0.250000
vt 0.375000 0.250000
vt 0.125000 0.500000
vt 0.375000 0.500000
vt 0.125000 0.750000
vn 0.9455 0.3086 0.1039
vn -0.3053 0.7295 0.6121
vn -0.1131 0.6104 -0.7839
vn -0.9455 -0.3086 -0.1039
vn 0.1131 -0.6104 0.7839
vn 0.3053 -0.7295 -0.6121
usemtl Material
s off
f 1/1/1 5/2/1 7/3/1 3/4/1
f 4/5/2 3/4/2 7/6/2 8/7/2
f 8/8/3 7/9/3 5/10/3 6/11/3
f 6/12/4 2/13/4 4/5/4 8/14/4
f 2/13/5 1/1/5 3/4/5 4/5/5
f 6/11/6 5/10/6 1/1/6 2/13/6
o Cube.001
v -0.745941 1.512084 0.689639
v -0.472053 0.957633 0.404335
v -0.276535 1.490298 1.182602
v -0.002647 0.935847 0.897298
v -1.156395 1.117194 1.063026
v -0.882507 0.562743 0.777723
v -0.686989 1.095408 1.555989
v -0.413101 0.540957 1.270686
vt 0.625000 0.500000
vt 0.875000 0.500000
vt 0.875000 0.750000
vt 0.625000 0.750000
vt 0.375000 0.750000
vt 0.625000 1.000000
vt 0.375000 1.000000
vt 0.375000 0.000000
vt 0.625000 0.000000
vt 0.625000 0.250000
vt 0.375000 0.250000
vt 0.125000 0.500000
vt 0.375000 0.500000
vt 0.125000 0.750000
vn -0.4022 0.8141 0.4189
vn 0.6892 -0.0320 0.7238
vn -0.6027 -0.5798 0.5483
vn 0.4022 -0.8141 -0.4189
vn 0.6027 0.5798 -0.5483
vn -0.6892 0.0320 -0.7238
usemtl Material.001
s off
f 9/15/7 13/16/7 15/17/7 11/18/7
f 12/19/8 11/18/8 15/20/8 16/21/8
f 16/22/9 15/23/9 13/24/9 14/25/9
f 14/26/10 10/27/10 12/19/10 16/28/10
f 10/27/11 9/15/11 11/18/11 12/19/11
f 14/25/12 13/24/12 9/15/12 10/27/12
o Cube.002
v -1.413321 -0.404387 0.125629
v -0.972813 -0.570527 -0.675916
v -0.951260 0.397440 0.213367
v -0.510752 0.231300 -0.588178
v -0.737616 -0.844382 0.588178
v -0.297109 -1.010522 -0.213367
v -0.275555 -0.042555 0.675916
v 0.164952 -0.208695 -0.125629
vt 0.625000 0.500000
vt 0.875000 0.500000
vt 0.875000 0.750000
vt 0.625000 0.750000
vt 0.375000 0.750000
vt 0.625000 1.000000
vt 0.375000 1.000000
vt 0.375000 0.000000
vt 0.625000 0.000000
vt 0.625000 0.250000
vt 0.375000 0.250000
vt 0.125000 0.500000
vt 0.375000 0.500000
vt 0.125000 0.750000
vn -0.4739 0.1787 0.8623
vn 0.4971 0.8626 0.0944
vn 0.7269 -0.4733 0.4976
vn 0.4739 -0.1787 -0.8623
vn -0.7269 0.4733 -0.4976
vn -0.4971 -0.8626 -0.0944
usemtl Material.002
s off
f 17/29/13 21/30/13 23/31/13 19/32/13
f 20/33/14 19/32/14 23/34/14 24/35/14
f 24/36/15 23/37/15 21/38/15 22/39/15
f 22/40/16 18/41/16 20/33/16 24/42/16
f 18/41/17 17/29/17 19/32/17 20/33/17
f 22/39/18 21/38/18 17/29/18 18/41/18
o Cube.003
v -1.553214 1.140090 -0.164555
v -1.302029 0.473276 -0.688819
v -1.188643 0.731271 0.530097
v -0.937458 0.064457 0.005833
v -2.319100 0.726794 -0.005833
v -2.067915 0.059980 -0.530097
v -1.954529 0.317975 0.688819
v -1.703343 -0.348839 0.164555
vt 0.625000 0.500000
vt 0.875000 0.500000
vt 0.875000 0.750000
vt 0.625000 0.750000
vt 0.375000 0.750000
vt 0.625000 1.000000
vt 0.375000 1.000000
vt 0.375000 0.000000
vt 0.625000 0.000000
vt 0.625000 0.250000
vt 0.375000 0.250000
vt 0.125000 0.500000
vt 0.375000 0.500000
vt 0.125000 0.750000
vn -0.2839 0.7538 0.5926
vn 0.4121 -0.4621 0.7852
vn -0.8658 -0.4672 0.1794
vn 0.2839 -0.7538 -0.5926
vn 0.8658 0.4672 -0.1794
vn -0.4121 0.4621 -0.7852
usemtl Material.003
s off
f 25/43/19 29/44/19 31/45/19 27/46/19
f 28/47/20 27/46/20 31/48/20 32/49/20
f 32/50/21 31/51/21 29/52/21 30/53/21
f 30/54/22 26/55/22 28/47/22 32/56/22
f 26/55/23 25/43/23 27/46/23 28/47/23
f 30/53/24 29/52/24 25/43/24 26/55/24
o Plane
v -8.089319 -1.056067 8.089319
v 8.089319 -1.056067 8.089319
v -8.089319 -1.056067 -8.089319
v 8.089319 -1.056067 -8.089319
vt 0.000000 0.000000
vt 1.000000 0.000000
vt 1.000000 1.000000
vt 0.000000 1.000000
vn 0.0000 1.0000 0.0000
usemtl None
s off
f 33/57/25 34/58/25 36/59/25 35/60/25
